{
  master_parameter  = VOLTAGE,
  field_scale       = 0.7,
  ele_anchor_pt     = Center,
  m                 = 2,
  harmonic          = 3,
  dz                = 0.1,
  r0                = (0, 0, 1E-3),
  phi0_fieldmap     = 5.6,
  theta0_azimuth      = 0.3,
  E_coef_re = (  1.000000E+00,  2.000000E+00,  3.000000E+00,  4.000000E+00,  5.000000E+00,
                 6.000000E+00),
  B_coef_re = (  1.000000E+01,  2.000000E+01,  3.000000E+01,  4.000000E+01,  5.000000E+01,
                 6.000000E+01)}
